2130D0097775321
2130D0097775322
2130D0097775323
2130D0097775324
2130D0097775325
2130D0097775326
2130D0097775327
2130D0097775328
2130D0097775329
2130D0097775330
2130D0097775331
2130D0097775332
2130D0097775333
2130D0097775334
2130D0097775335
2130D0097775336
2130D0097775337
2130D0097775338
2130D0097775339
2130D0097775340
2130D0097775341
2130D0097775342
2130D0097775343
2130D0097775344
2130D0097775345
2130D0097775346
2130D0097775347
2130D0097775348
2130D0097775349
2130D0097775350
