2130D0097650387
2130D0097650393
2130D0097650399
2130D0097650411
2130D0097655415
2130D0097655416
2130D0097655417
2130D0097655418
2130D0097655419
2130D0097655420
2130D0097655421
2130D0097655422
2130D0097655423
2130D0097655424
2130D0097655425
2130D0097655426
2130D0097655427
2130D0097655428
2130D0097655429
2130D0097655430
2130D0097655431
2130D0097655432
2130D0097655433
2130D0097655434
2130D0097655435
2130D0097655436
2130D0097655437
2130D0097655438
2130D0097655439
2130D0097655440
2130D0097655441
2130D0097655442
2130D0097655443
2130D0097655444
2130D0097655445
